image/22b7e9e8-a983-11ea-998a-e454e8684821.jpg||189,100|387,82|391,169
image/3375a1d0-a983-11ea-ac3a-e454e8684821.jpg||87,290|87,290|87,290
image/a3899cd2-aa40-11ea-9eb2-e454e8684821.jpg||63,60|331,114|53,177
image/7352a1b4-abd2-11ea-9222-e454e8684821.jpg||300,60|107,69|376,148
image/7c5e3752-abd2-11ea-bf48-e454e8684821.jpg||297,69|390,78|272,146
image/de93fc52-b06f-11ea-86ee-e454e8684821.jpg||
image/70ed423e-b070-11ea-95cd-e454e8684821.jpg||239,161|394,107|254,73
image/8a211cbe-b08d-11ea-8b83-e454e8684821.jpg||133,79|371,169|113,182
image/00a37c6c-b08e-11ea-9d89-e454e8684821.jpg||157,155|107,71|362,113
image/430ced58-b15e-11ea-968c-e454e8684821.jpg||141,61|79,163|199,161
image/2415421c-b60a-11ea-bd42-e454e8684821.jpg||190,90|420,165|365,101
image/5ee893ac-b93a-11ea-aeee-e454e8684821.jpg||208,119|363,94|294,85
image/77b08b5e-b93a-11ea-9dad-e454e8684821.jpg||
image/92be25ca-b93a-11ea-b219-e454e8684821.jpg||
image/87f624f4-b93b-11ea-be7c-e454e8684821.jpg||100,96|261,98|358,144
image/105921ba-b9f6-11ea-991d-e454e8684821.jpg||383,89|227,100|320,167
